%YAML:1.0
arealist:
   -
      id: 0
      points:
         - [ 345, 465 ]
         - [ 216, 254 ]
         - [ 538, 245 ]
         - [ 634, 355 ]
         - [ 635, 468 ]
   -
      id: 1
      points:
         - [ 162, 223 ]
         - [ 103, 213 ]
         - [ 106, 186 ]
         - [ 133, 169 ]
         - [ 237, 166 ]
   -
      id: 2
      points:
         - [ 496, 189 ]
         - [ 519, 158 ]
         - [ 504, 142 ]
         - [ 374, 153 ]
