%YAML:1.0
arealist:
   -
      id: 0
      points:
         - [ 262, 475 ]
         - [ 199, 278 ]
         - [ 225, 246 ]
         - [ 437, 244 ]
         - [ 587, 468 ]
   -
      id: 1
      points:
         - [ 98, 220 ]
         - [ 97, 181 ]
         - [ 127, 148 ]
         - [ 249, 147 ]
         - [ 173, 254 ]
   -
      id: 2
      points:
         - [ 501, 127 ]
         - [ 530, 165 ]
         - [ 501, 187 ]
         - [ 377, 148 ]
         - [ 398, 133 ]
   -
      id: 3
      points:
         - [ 451, 244 ]
         - [ 517, 198 ]
         - [ 633, 303 ]
         - [ 630, 466 ]
         - [ 565, 393 ]
   -
      id: 4
      points:
         - [ 204, 239 ]
         - [ 423, 239 ]
         - [ 342, 150 ]
         - [ 258, 151 ]
   -
      id: 5
      points:
         - [ 502, 200 ]
         - [ 443, 238 ]
         - [ 361, 155 ]
