%YAML:1.0
arealist:
   -
      id: 0
      points:
         - [ 264, 475 ]
         - [ 226, 337 ]
         - [ 179, 256 ]
         - [ 112, 219 ]
         - [ 90, 214 ]
         - [ 87, 190 ]
         - [ 112, 171 ]
         - [ 113, 0 ]
         - [ 1, 1 ]
         - [ 1, 479 ]
   -
      id: 1
      points:
         - [ 105, 115 ]
         - [ 505, 93 ]
         - [ 525, 161 ]
         - [ 637, 183 ]
         - [ 638, 1 ]
         - [ 105, 1 ]
