%YAML:1.0
motionvectorlist:
   -
      src: [ 123, 187 ]
      dst: [ 123, 187 ]
   -
      src: [ 123, 187 ]
      dst: [ 123, 187 ]
   -
      src: [ 123, 187 ]
      dst: [ 123, 187 ]
   -
      src: [ 123, 187 ]
      dst: [ 123, 187 ]
   -
      src: [ 127, 163 ]
      dst: [ 139, 165 ]
   -
      src: [ 139, 165 ]
      dst: [ 147, 162 ]
   -
      src: [ 147, 162 ]
      dst: [ 157, 160 ]
   -
      src: [ 157, 160 ]
      dst: [ 169, 159 ]
   -
      src: [ 169, 159 ]
      dst: [ 169, 159 ]
   -
      src: [ 169, 159 ]
      dst: [ 183, 159 ]
   -
      src: [ 183, 159 ]
      dst: [ 196, 158 ]
   -
      src: [ 196, 158 ]
      dst: [ 214, 157 ]
   -
      src: [ 214, 157 ]
      dst: [ 230, 156 ]
   -
      src: [ 230, 156 ]
      dst: [ 247, 155 ]
   -
      src: [ 247, 155 ]
      dst: [ 247, 155 ]
   -
      src: [ 247, 155 ]
      dst: [ 260, 157 ]
   -
      src: [ 260, 157 ]
      dst: [ 281, 154 ]
   -
      src: [ 281, 154 ]
      dst: [ 296, 153 ]
   -
      src: [ 296, 153 ]
      dst: [ 315, 153 ]
   -
      src: [ 315, 153 ]
      dst: [ 331, 152 ]
   -
      src: [ 331, 152 ]
      dst: [ 330, 152 ]
   -
      src: [ 330, 152 ]
      dst: [ 346, 151 ]
   -
      src: [ 346, 151 ]
      dst: [ 362, 150 ]
   -
      src: [ 362, 150 ]
      dst: [ 374, 149 ]
   -
      src: [ 374, 149 ]
      dst: [ 386, 148 ]
   -
      src: [ 386, 148 ]
      dst: [ 397, 147 ]
   -
      src: [ 397, 147 ]
      dst: [ 397, 147 ]
   -
      src: [ 397, 147 ]
      dst: [ 407, 146 ]
   -
      src: [ 407, 146 ]
      dst: [ 416, 146 ]
   -
      src: [ 416, 146 ]
      dst: [ 426, 145 ]
   -
      src: [ 426, 145 ]
      dst: [ 434, 145 ]
   -
      src: [ 434, 145 ]
      dst: [ 441, 145 ]
   -
      src: [ 441, 145 ]
      dst: [ 441, 145 ]
   -
      src: [ 441, 145 ]
      dst: [ 441, 145 ]
   -
      src: [ 441, 145 ]
      dst: [ 441, 145 ]
   -
      src: [ 441, 145 ]
      dst: [ 441, 145 ]
   -
      src: [ 468, 168 ]
      dst: [ 464, 171 ]
   -
      src: [ 464, 171 ]
      dst: [ 462, 173 ]
   -
      src: [ 462, 173 ]
      dst: [ 459, 175 ]
   -
      src: [ 459, 175 ]
      dst: [ 459, 175 ]
   -
      src: [ 459, 175 ]
      dst: [ 459, 175 ]
   -
      src: [ 459, 175 ]
      dst: [ 427, 183 ]
   -
      src: [ 427, 183 ]
      dst: [ 419, 187 ]
   -
      src: [ 419, 187 ]
      dst: [ 411, 187 ]
   -
      src: [ 411, 187 ]
      dst: [ 396, 189 ]
   -
      src: [ 396, 189 ]
      dst: [ 373, 191 ]
   -
      src: [ 373, 191 ]
      dst: [ 373, 191 ]
   -
      src: [ 373, 191 ]
      dst: [ 351, 193 ]
   -
      src: [ 351, 193 ]
      dst: [ 325, 194 ]
   -
      src: [ 325, 194 ]
      dst: [ 548, 428 ]
   -
      src: [ 548, 428 ]
      dst: [ 526, 399 ]
   -
      src: [ 526, 399 ]
      dst: [ 508, 375 ]
   -
      src: [ 508, 375 ]
      dst: [ 508, 375 ]
   -
      src: [ 508, 375 ]
      dst: [ 486, 361 ]
   -
      src: [ 486, 361 ]
      dst: [ 466, 353 ]
   -
      src: [ 466, 353 ]
      dst: [ 453, 346 ]
   -
      src: [ 453, 346 ]
      dst: [ 443, 340 ]
   -
      src: [ 443, 340 ]
      dst: [ 435, 332 ]
   -
      src: [ 435, 332 ]
      dst: [ 434, 329 ]
   -
      src: [ 434, 329 ]
      dst: [ 421, 313 ]
   -
      src: [ 421, 313 ]
      dst: [ 404, 297 ]
   -
      src: [ 404, 297 ]
      dst: [ 380, 281 ]
   -
      src: [ 380, 281 ]
      dst: [ 356, 265 ]
   -
      src: [ 356, 265 ]
      dst: [ 335, 249 ]
   -
      src: [ 335, 249 ]
      dst: [ 336, 242 ]
   -
      src: [ 336, 242 ]
      dst: [ 318, 227 ]
   -
      src: [ 318, 227 ]
      dst: [ 302, 213 ]
   -
      src: [ 302, 213 ]
      dst: [ 286, 205 ]
   -
      src: [ 286, 205 ]
      dst: [ 272, 200 ]
   -
      src: [ 272, 200 ]
      dst: [ 258, 191 ]
   -
      src: [ 258, 191 ]
      dst: [ 257, 190 ]
   -
      src: [ 257, 190 ]
      dst: [ 194, 212 ]
   -
      src: [ 194, 212 ]
      dst: [ 184, 207 ]
   -
      src: [ 184, 207 ]
      dst: [ 176, 205 ]
   -
      src: [ 176, 205 ]
      dst: [ 168, 202 ]
   -
      src: [ 168, 202 ]
      dst: [ 160, 200 ]
   -
      src: [ 160, 200 ]
      dst: [ 153, 201 ]
   -
      src: [ 153, 201 ]
      dst: [ 145, 198 ]
   -
      src: [ 145, 198 ]
      dst: [ 145, 198 ]
   -
      src: [ 468, 462 ]
      dst: [ 456, 437 ]
   -
      src: [ 145, 198 ]
      dst: [ 145, 198 ]
   -
      src: [ 456, 437 ]
      dst: [ 445, 417 ]
   -
      src: [ 445, 417 ]
      dst: [ 430, 400 ]
   -
      src: [ 430, 400 ]
      dst: [ 402, 364 ]
   -
      src: [ 402, 364 ]
      dst: [ 402, 364 ]
   -
      src: [ 402, 364 ]
      dst: [ 376, 322 ]
   -
      src: [ 376, 322 ]
      dst: [ 352, 289 ]
   -
      src: [ 352, 289 ]
      dst: [ 345, 299 ]
   -
      src: [ 345, 299 ]
      dst: [ 323, 284 ]
   -
      src: [ 323, 284 ]
      dst: [ 310, 268 ]
   -
      src: [ 310, 268 ]
      dst: [ 310, 268 ]
   -
      src: [ 310, 268 ]
      dst: [ 299, 254 ]
   -
      src: [ 299, 254 ]
      dst: [ 287, 241 ]
   -
      src: [ 287, 241 ]
      dst: [ 416, 445 ]
   -
      src: [ 416, 445 ]
      dst: [ 416, 440 ]
   -
      src: [ 416, 440 ]
      dst: [ 397, 415 ]
   -
      src: [ 397, 415 ]
      dst: [ 397, 415 ]
   -
      src: [ 397, 415 ]
      dst: [ 387, 394 ]
   -
      src: [ 387, 394 ]
      dst: [ 359, 348 ]
   -
      src: [ 359, 348 ]
      dst: [ 353, 325 ]
   -
      src: [ 353, 325 ]
      dst: [ 350, 307 ]
   -
      src: [ 350, 307 ]
      dst: [ 333, 289 ]
   -
      src: [ 333, 289 ]
      dst: [ 333, 288 ]
   -
      src: [ 333, 288 ]
      dst: [ 330, 279 ]
   -
      src: [ 330, 279 ]
      dst: [ 324, 271 ]
   -
      src: [ 324, 271 ]
      dst: [ 303, 257 ]
   -
      src: [ 303, 257 ]
      dst: [ 278, 240 ]
   -
      src: [ 278, 240 ]
      dst: [ 268, 231 ]
   -
      src: [ 268, 231 ]
      dst: [ 268, 231 ]
   -
      src: [ 268, 231 ]
      dst: [ 255, 222 ]
   -
      src: [ 255, 222 ]
      dst: [ 246, 216 ]
   -
      src: [ 246, 216 ]
      dst: [ 232, 211 ]
   -
      src: [ 232, 211 ]
      dst: [ 223, 208 ]
   -
      src: [ 223, 208 ]
      dst: [ 206, 202 ]
   -
      src: [ 206, 202 ]
      dst: [ 206, 202 ]
   -
      src: [ 206, 202 ]
      dst: [ 190, 196 ]
   -
      src: [ 190, 196 ]
      dst: [ 175, 194 ]
   -
      src: [ 175, 194 ]
      dst: [ 169, 198 ]
   -
      src: [ 169, 198 ]
      dst: [ 146, 191 ]
   -
      src: [ 146, 191 ]
      dst: [ 126, 187 ]
   -
      src: [ 126, 187 ]
      dst: [ 125, 187 ]
   -
      src: [ 125, 187 ]
      dst: [ 125, 187 ]
   -
      src: [ 125, 187 ]
      dst: [ 125, 187 ]
   -
      src: [ 125, 187 ]
      dst: [ 125, 187 ]
   -
      src: [ 125, 187 ]
      dst: [ 125, 187 ]
   -
      src: [ 247, 164 ]
      dst: [ 249, 166 ]
   -
      src: [ 249, 166 ]
      dst: [ 263, 162 ]
   -
      src: [ 263, 162 ]
      dst: [ 271, 163 ]
   -
      src: [ 271, 163 ]
      dst: [ 277, 164 ]
   -
      src: [ 277, 164 ]
      dst: [ 287, 164 ]
   -
      src: [ 287, 164 ]
      dst: [ 299, 163 ]
   -
      src: [ 299, 163 ]
      dst: [ 311, 165 ]
   -
      src: [ 311, 165 ]
      dst: [ 311, 164 ]
   -
      src: [ 311, 164 ]
      dst: [ 325, 165 ]
   -
      src: [ 325, 165 ]
      dst: [ 340, 167 ]
   -
      src: [ 340, 167 ]
      dst: [ 355, 169 ]
   -
      src: [ 355, 169 ]
      dst: [ 370, 172 ]
   -
      src: [ 370, 172 ]
      dst: [ 383, 175 ]
   -
      src: [ 383, 175 ]
      dst: [ 383, 175 ]
   -
      src: [ 383, 175 ]
      dst: [ 396, 178 ]
   -
      src: [ 396, 178 ]
      dst: [ 405, 181 ]
   -
      src: [ 405, 181 ]
      dst: [ 416, 186 ]
   -
      src: [ 416, 186 ]
      dst: [ 428, 190 ]
   -
      src: [ 428, 190 ]
      dst: [ 445, 192 ]
   -
      src: [ 445, 192 ]
      dst: [ 444, 193 ]
   -
      src: [ 444, 193 ]
      dst: [ 453, 197 ]
   -
      src: [ 453, 197 ]
      dst: [ 461, 207 ]
   -
      src: [ 461, 207 ]
      dst: [ 468, 208 ]
   -
      src: [ 468, 208 ]
      dst: [ 480, 212 ]
   -
      src: [ 480, 212 ]
      dst: [ 492, 221 ]
   -
