%YAML:1.0
motionvectorlist:
   -
      src: [ 128, 161 ]
      dst: [ 150, 149 ]
   -
      src: [ 150, 149 ]
      dst: [ 140, 176 ]
   -
      src: [ 140, 176 ]
      dst: [ 164, 163 ]
   -
      src: [ 219, 143 ]
      dst: [ 249, 165 ]
   -
      src: [ 249, 165 ]
      dst: [ 249, 165 ]
   -
      src: [ 258, 141 ]
      dst: [ 278, 153 ]
   -
      src: [ 278, 153 ]
      dst: [ 283, 140 ]
   -
      src: [ 328, 157 ]
      dst: [ 334, 150 ]
   -
      src: [ 334, 150 ]
      dst: [ 334, 150 ]
   -
      src: [ 368, 149 ]
      dst: [ 376, 148 ]
   -
      src: [ 376, 148 ]
      dst: [ 387, 148 ]
   -
      src: [ 387, 148 ]
      dst: [ 397, 147 ]
   -
      src: [ 397, 147 ]
      dst: [ 397, 147 ]
   -
      src: [ 397, 147 ]
      dst: [ 408, 147 ]
   -
      src: [ 418, 188 ]
      dst: [ 412, 187 ]
   -
      src: [ 378, 190 ]
      dst: [ 378, 190 ]
   -
      src: [ 378, 190 ]
      dst: [ 354, 192 ]
   -
      src: [ 151, 195 ]
      dst: [ 125, 196 ]
   -
      src: [ 452, 412 ]
      dst: [ 452, 412 ]
   -
      src: [ 452, 412 ]
      dst: [ 430, 398 ]
   -
      src: [ 430, 398 ]
      dst: [ 473, 350 ]
   -
      src: [ 435, 328 ]
      dst: [ 434, 324 ]
   -
      src: [ 393, 289 ]
      dst: [ 369, 276 ]
   -
      src: [ 369, 276 ]
      dst: [ 347, 260 ]
   -
      src: [ 330, 245 ]
      dst: [ 332, 238 ]
   -
      src: [ 318, 222 ]
      dst: [ 304, 211 ]
   -
      src: [ 304, 211 ]
      dst: [ 288, 204 ]
   -
      src: [ 288, 204 ]
      dst: [ 276, 197 ]
   -
      src: [ 276, 197 ]
      dst: [ 207, 219 ]
   -
      src: [ 207, 219 ]
      dst: [ 203, 218 ]
   -
      src: [ 203, 218 ]
      dst: [ 195, 216 ]
   -
      src: [ 195, 216 ]
      dst: [ 185, 210 ]
   -
      src: [ 185, 210 ]
      dst: [ 178, 208 ]
   -
      src: [ 178, 208 ]
      dst: [ 169, 202 ]
   -
      src: [ 169, 202 ]
      dst: [ 161, 202 ]
   -
      src: [ 161, 202 ]
      dst: [ 156, 201 ]
   -
      src: [ 156, 201 ]
      dst: [ 147, 199 ]
   -
      src: [ 135, 193 ]
      dst: [ 131, 193 ]
   -
      src: [ 131, 193 ]
      dst: [ 126, 190 ]
   -
      src: [ 126, 190 ]
      dst: [ 120, 189 ]
   -
      src: [ 120, 189 ]
      dst: [ 116, 188 ]
   -
      src: [ 116, 188 ]
      dst: [ 171, 135 ]
   -
      src: [ 153, 138 ]
      dst: [ 141, 140 ]
   -
      src: [ 141, 140 ]
      dst: [ 141, 141 ]
   -
      src: [ 198, 127 ]
      dst: [ 177, 125 ]
   -
      src: [ 177, 125 ]
      dst: [ 175, 124 ]
   -
      src: [ 175, 124 ]
      dst: [ 169, 124 ]
   -
      src: [ 151, 123 ]
      dst: [ 151, 123 ]
   -
      src: [ 151, 123 ]
      dst: [ 151, 123 ]
   -
      src: [ 151, 123 ]
      dst: [ 151, 123 ]
   -
      src: [ 151, 123 ]
      dst: [ 151, 123 ]
   -
      src: [ 459, 439 ]
      dst: [ 445, 417 ]
   -
      src: [ 430, 400 ]
      dst: [ 405, 364 ]
   -
      src: [ 405, 364 ]
      dst: [ 377, 323 ]
   -
      src: [ 377, 323 ]
      dst: [ 353, 290 ]
   -
      src: [ 303, 229 ]
      dst: [ 303, 229 ]
   -
      src: [ 303, 229 ]
      dst: [ 292, 216 ]
   -
      src: [ 270, 196 ]
      dst: [ 260, 189 ]
   -
      src: [ 260, 189 ]
      dst: [ 249, 182 ]
   -
      src: [ 249, 182 ]
      dst: [ 250, 182 ]
   -
      src: [ 220, 172 ]
      dst: [ 207, 168 ]
   -
      src: [ 207, 168 ]
      dst: [ 193, 165 ]
   -
      src: [ 183, 164 ]
      dst: [ 183, 164 ]
   -
      src: [ 161, 164 ]
      dst: [ 152, 168 ]
   -
      src: [ 129, 170 ]
      dst: [ 129, 170 ]
   -
      src: [ 129, 170 ]
      dst: [ 116, 175 ]
   -
      src: [ 414, 444 ]
      dst: [ 424, 438 ]
   -
      src: [ 424, 438 ]
      dst: [ 392, 400 ]
   -
      src: [ 392, 400 ]
      dst: [ 392, 400 ]
   -
      src: [ 392, 400 ]
      dst: [ 398, 426 ]
   -
      src: [ 398, 426 ]
      dst: [ 384, 385 ]
   -
      src: [ 359, 317 ]
      dst: [ 358, 305 ]
   -
      src: [ 338, 280 ]
      dst: [ 338, 280 ]
   -
      src: [ 338, 280 ]
      dst: [ 344, 279 ]
   -
      src: [ 311, 262 ]
      dst: [ 284, 238 ]
   -
      src: [ 284, 238 ]
      dst: [ 266, 222 ]
   -
      src: [ 270, 224 ]
      dst: [ 258, 220 ]
   -
      src: [ 246, 212 ]
      dst: [ 233, 208 ]
   -
      src: [ 223, 207 ]
      dst: [ 206, 201 ]
   -
      src: [ 206, 201 ]
      dst: [ 177, 193 ]
   -
      src: [ 289, 164 ]
      dst: [ 297, 164 ]
   -
      src: [ 297, 164 ]
      dst: [ 307, 164 ]
   -
      src: [ 307, 164 ]
      dst: [ 315, 165 ]
   -
      src: [ 315, 165 ]
      dst: [ 315, 165 ]
   -
      src: [ 315, 165 ]
      dst: [ 329, 166 ]
   -
      src: [ 329, 166 ]
      dst: [ 344, 168 ]
   -
      src: [ 344, 168 ]
      dst: [ 362, 169 ]
   -
      src: [ 362, 169 ]
      dst: [ 375, 170 ]
   -
      src: [ 375, 170 ]
      dst: [ 388, 174 ]
   -
      src: [ 388, 174 ]
      dst: [ 388, 174 ]
   -
      src: [ 388, 174 ]
      dst: [ 400, 178 ]
   -
      src: [ 400, 178 ]
      dst: [ 406, 181 ]
   -
      src: [ 406, 181 ]
      dst: [ 417, 185 ]
   -
      src: [ 417, 185 ]
      dst: [ 428, 190 ]
   -
      src: [ 428, 190 ]
      dst: [ 433, 196 ]
   -
      src: [ 433, 196 ]
      dst: [ 433, 196 ]
   -
      src: [ 433, 196 ]
      dst: [ 454, 201 ]
   -
      src: [ 458, 208 ]
      dst: [ 459, 210 ]
   -
      src: [ 459, 210 ]
      dst: [ 501, 205 ]
   -
      src: [ 501, 205 ]
      dst: [ 507, 209 ]
   -
      src: [ 507, 209 ]
      dst: [ 506, 209 ]
   -
      src: [ 506, 216 ]
      dst: [ 521, 228 ]
   -
      src: [ 521, 228 ]
      dst: [ 515, 277 ]
   -
      src: [ 515, 277 ]
      dst: [ 533, 300 ]
   -
      src: [ 554, 326 ]
      dst: [ 579, 353 ]
   -
      src: [ 471, 200 ]
      dst: [ 500, 208 ]
   -
      src: [ 500, 208 ]
      dst: [ 506, 211 ]
   -
      src: [ 506, 211 ]
      dst: [ 513, 218 ]
   -
      src: [ 513, 218 ]
      dst: [ 513, 218 ]
   -
      src: [ 524, 229 ]
      dst: [ 517, 275 ]
   -
      src: [ 517, 275 ]
      dst: [ 524, 284 ]
   -
      src: [ 579, 340 ]
      dst: [ 579, 340 ]
   -
      src: [ 579, 340 ]
      dst: [ 578, 342 ]
   -
      src: [ 578, 342 ]
      dst: [ 588, 355 ]
   -
      src: [ 506, 459 ]
      dst: [ 372, 451 ]
   -
      src: [ 358, 437 ]
      dst: [ 358, 439 ]
   -
      src: [ 339, 437 ]
      dst: [ 368, 436 ]
   -
      src: [ 368, 436 ]
      dst: [ 352, 421 ]
   -
      src: [ 352, 421 ]
      dst: [ 337, 400 ]
   -
      src: [ 337, 400 ]
      dst: [ 324, 378 ]
   -
      src: [ 324, 378 ]
      dst: [ 323, 375 ]
   -
      src: [ 323, 375 ]
      dst: [ 307, 352 ]
   -
      src: [ 307, 352 ]
      dst: [ 296, 334 ]
   -
      src: [ 296, 334 ]
      dst: [ 287, 312 ]
   -
      src: [ 287, 312 ]
      dst: [ 277, 298 ]
   -
      src: [ 277, 298 ]
      dst: [ 267, 285 ]
   -
      src: [ 267, 285 ]
      dst: [ 266, 282 ]
   -
      src: [ 266, 282 ]
      dst: [ 256, 273 ]
   -
      src: [ 237, 251 ]
      dst: [ 227, 239 ]
   -
      src: [ 227, 239 ]
      dst: [ 217, 231 ]
   -
      src: [ 217, 231 ]
      dst: [ 216, 229 ]
   -
      src: [ 216, 229 ]
      dst: [ 205, 223 ]
   -
      src: [ 205, 223 ]
      dst: [ 196, 219 ]
   -
      src: [ 196, 219 ]
      dst: [ 186, 215 ]
   -
      src: [ 186, 215 ]
      dst: [ 177, 210 ]
   -
      src: [ 177, 210 ]
      dst: [ 166, 206 ]
   -
      src: [ 166, 206 ]
      dst: [ 165, 205 ]
   -
      src: [ 165, 205 ]
      dst: [ 154, 202 ]
   -
      src: [ 154, 202 ]
      dst: [ 142, 201 ]
   -
      src: [ 142, 201 ]
      dst: [ 129, 200 ]
   -
      src: [ 129, 200 ]
      dst: [ 121, 198 ]
   -
      src: [ 121, 198 ]
      dst: [ 114, 195 ]
   -
      src: [ 114, 195 ]
      dst: [ 113, 195 ]
   -
      src: [ 113, 195 ]
      dst: [ 106, 196 ]
   -
      src: [ 506, 210 ]
      dst: [ 519, 224 ]
   -
      src: [ 519, 224 ]
      dst: [ 538, 244 ]
   -
      src: [ 563, 261 ]
      dst: [ 563, 261 ]
   -
      src: [ 563, 261 ]
      dst: [ 563, 261 ]
   -
      src: [ 563, 261 ]
      dst: [ 563, 261 ]
   -
      src: [ 563, 261 ]
      dst: [ 563, 261 ]
   -
