%YAML:1.0
pathlist:
   -
      id: 12
      areas: [ 1, 6, 2 ]
   -
      id: 12
      areas: [ 1, 2 ]
   -
      id: 14
      areas: [ 1, 6, 5, 4 ]
   -
      id: 14
      areas: [ 1, 6, 4 ]
   -
      id: 14
      areas: [ 1, 5, 4 ]
   -
      id: 14
      areas: [ 1, 4 ]
   -
      id: 14
      areas: [ 6, 5, 4 ]
   -
      id: 31
      areas: [ 3, 5, 6, 1 ]
   -
      id: 31
      areas: [ 3, 5, 1 ]
   -
      id: 31
      areas: [ 3, 6, 1 ]
   -
      id: 31
      areas: [ 3, 1 ]
   -
      id: 34
      areas: [ 3, 5, 4 ]
   -
      id: 34
      areas: [ 3, 4 ]
   -
      id: 41
      areas: [ 4, 5, 6, 1 ]
   -
      id: 41
      areas: [ 4, 5, 1 ]
   -
      id: 41
      areas: [ 4, 6, 1 ]
   -
      id: 41
      areas: [ 4, 1 ]
   -
      id: 42
      areas: [ 4, 5, 6, 2 ]
   -
      id: 42
      areas: [ 4, 5, 2 ]
   -
      id: 42
      areas: [ 4, 6, 2 ]
   -
      id: 42
      areas: [ 4, 2 ]
