%YAML:1.0
motionvectorlist:
   -
      src: [ 127, 163 ]
      dst: [ 139, 165 ]
   -
      src: [ 157, 160 ]
      dst: [ 169, 159 ]
   -
      src: [ 169, 159 ]
      dst: [ 169, 159 ]
   -
      src: [ 169, 159 ]
      dst: [ 183, 159 ]
   -
      src: [ 183, 159 ]
      dst: [ 196, 158 ]
   -
      src: [ 196, 158 ]
      dst: [ 214, 157 ]
   -
      src: [ 214, 157 ]
      dst: [ 230, 156 ]
   -
      src: [ 247, 155 ]
      dst: [ 247, 155 ]
   -
      src: [ 260, 157 ]
      dst: [ 281, 154 ]
   -
      src: [ 281, 154 ]
      dst: [ 296, 153 ]
   -
      src: [ 296, 153 ]
      dst: [ 315, 153 ]
   -
      src: [ 315, 153 ]
      dst: [ 331, 152 ]
   -
      src: [ 331, 152 ]
      dst: [ 330, 152 ]
   -
      src: [ 330, 152 ]
      dst: [ 346, 151 ]
   -
      src: [ 346, 151 ]
      dst: [ 362, 150 ]
   -
      src: [ 362, 150 ]
      dst: [ 374, 149 ]
   -
      src: [ 374, 149 ]
      dst: [ 386, 148 ]
   -
      src: [ 386, 148 ]
      dst: [ 397, 147 ]
   -
      src: [ 397, 147 ]
      dst: [ 397, 147 ]
   -
      src: [ 397, 147 ]
      dst: [ 407, 146 ]
   -
      src: [ 407, 146 ]
      dst: [ 416, 146 ]
   -
      src: [ 416, 146 ]
      dst: [ 426, 145 ]
   -
      src: [ 426, 145 ]
      dst: [ 434, 145 ]
   -
      src: [ 434, 145 ]
      dst: [ 441, 145 ]
   -
      src: [ 441, 145 ]
      dst: [ 441, 145 ]
   -
      src: [ 441, 145 ]
      dst: [ 441, 145 ]
   -
      src: [ 441, 145 ]
      dst: [ 441, 145 ]
   -
      src: [ 441, 145 ]
      dst: [ 441, 145 ]
   -
      src: [ 468, 168 ]
      dst: [ 464, 171 ]
   -
      src: [ 464, 171 ]
      dst: [ 462, 173 ]
   -
      src: [ 462, 173 ]
      dst: [ 459, 175 ]
   -
      src: [ 459, 175 ]
      dst: [ 459, 175 ]
   -
      src: [ 459, 175 ]
      dst: [ 459, 175 ]
   -
      src: [ 459, 175 ]
      dst: [ 427, 183 ]
   -
      src: [ 427, 183 ]
      dst: [ 419, 187 ]
   -
      src: [ 419, 187 ]
      dst: [ 411, 187 ]
   -
      src: [ 411, 187 ]
      dst: [ 396, 189 ]
   -
      src: [ 396, 189 ]
      dst: [ 373, 191 ]
   -
      src: [ 373, 191 ]
      dst: [ 373, 191 ]
   -
      src: [ 373, 191 ]
      dst: [ 351, 193 ]
   -
      src: [ 351, 193 ]
      dst: [ 325, 194 ]
   -
      src: [ 548, 428 ]
      dst: [ 526, 399 ]
   -
      src: [ 508, 375 ]
      dst: [ 508, 375 ]
   -
      src: [ 508, 375 ]
      dst: [ 486, 361 ]
   -
      src: [ 453, 346 ]
      dst: [ 443, 340 ]
   -
      src: [ 443, 340 ]
      dst: [ 435, 332 ]
   -
      src: [ 435, 332 ]
      dst: [ 434, 329 ]
   -
      src: [ 421, 313 ]
      dst: [ 404, 297 ]
   -
      src: [ 356, 265 ]
      dst: [ 335, 249 ]
   -
      src: [ 336, 242 ]
      dst: [ 318, 227 ]
   -
      src: [ 318, 227 ]
      dst: [ 302, 213 ]
   -
      src: [ 272, 200 ]
      dst: [ 258, 191 ]
   -
      src: [ 258, 191 ]
      dst: [ 257, 190 ]
   -
      src: [ 194, 212 ]
      dst: [ 184, 207 ]
   -
      src: [ 184, 207 ]
      dst: [ 176, 205 ]
   -
      src: [ 176, 205 ]
      dst: [ 168, 202 ]
   -
      src: [ 168, 202 ]
      dst: [ 160, 200 ]
   -
      src: [ 160, 200 ]
      dst: [ 153, 201 ]
   -
      src: [ 153, 201 ]
      dst: [ 145, 198 ]
   -
      src: [ 145, 198 ]
      dst: [ 145, 198 ]
   -
      src: [ 145, 198 ]
      dst: [ 145, 198 ]
   -
      src: [ 468, 462 ]
      dst: [ 456, 437 ]
   -
      src: [ 445, 417 ]
      dst: [ 430, 400 ]
   -
      src: [ 402, 364 ]
      dst: [ 376, 322 ]
   -
      src: [ 376, 322 ]
      dst: [ 352, 289 ]
   -
      src: [ 352, 289 ]
      dst: [ 345, 299 ]
   -
      src: [ 345, 299 ]
      dst: [ 323, 284 ]
   -
      src: [ 323, 284 ]
      dst: [ 310, 268 ]
   -
      src: [ 310, 268 ]
      dst: [ 310, 268 ]
   -
      src: [ 310, 268 ]
      dst: [ 299, 254 ]
   -
      src: [ 299, 254 ]
      dst: [ 287, 241 ]
   -
      src: [ 397, 415 ]
      dst: [ 397, 415 ]
   -
      src: [ 387, 394 ]
      dst: [ 359, 348 ]
   -
      src: [ 359, 348 ]
      dst: [ 353, 325 ]
   -
      src: [ 353, 325 ]
      dst: [ 350, 307 ]
   -
      src: [ 333, 289 ]
      dst: [ 333, 288 ]
   -
      src: [ 333, 288 ]
      dst: [ 330, 279 ]
   -
      src: [ 278, 240 ]
      dst: [ 268, 231 ]
   -
      src: [ 268, 231 ]
      dst: [ 268, 231 ]
   -
      src: [ 255, 222 ]
      dst: [ 246, 216 ]
   -
      src: [ 232, 211 ]
      dst: [ 223, 208 ]
   -
      src: [ 223, 208 ]
      dst: [ 206, 202 ]
   -
      src: [ 206, 202 ]
      dst: [ 206, 202 ]
   -
      src: [ 190, 196 ]
      dst: [ 175, 194 ]
   -
      src: [ 169, 198 ]
      dst: [ 146, 191 ]
   -
      src: [ 126, 187 ]
      dst: [ 125, 187 ]
   -
      src: [ 125, 187 ]
      dst: [ 125, 187 ]
   -
      src: [ 125, 187 ]
      dst: [ 125, 187 ]
   -
      src: [ 125, 187 ]
      dst: [ 125, 187 ]
   -
      src: [ 125, 187 ]
      dst: [ 125, 187 ]
   -
      src: [ 247, 164 ]
      dst: [ 249, 166 ]
   -
      src: [ 249, 166 ]
      dst: [ 263, 162 ]
   -
      src: [ 263, 162 ]
      dst: [ 271, 163 ]
   -
      src: [ 271, 163 ]
      dst: [ 277, 164 ]
   -
      src: [ 277, 164 ]
      dst: [ 287, 164 ]
   -
      src: [ 287, 164 ]
      dst: [ 299, 163 ]
   -
      src: [ 299, 163 ]
      dst: [ 311, 165 ]
   -
      src: [ 311, 165 ]
      dst: [ 311, 164 ]
   -
      src: [ 311, 164 ]
      dst: [ 325, 165 ]
   -
      src: [ 325, 165 ]
      dst: [ 340, 167 ]
   -
      src: [ 340, 167 ]
      dst: [ 355, 169 ]
   -
      src: [ 355, 169 ]
      dst: [ 370, 172 ]
   -
      src: [ 370, 172 ]
      dst: [ 383, 175 ]
   -
      src: [ 383, 175 ]
      dst: [ 383, 175 ]
   -
      src: [ 383, 175 ]
      dst: [ 396, 178 ]
   -
      src: [ 396, 178 ]
      dst: [ 405, 181 ]
   -
      src: [ 405, 181 ]
      dst: [ 416, 186 ]
   -
      src: [ 416, 186 ]
      dst: [ 428, 190 ]
   -
      src: [ 445, 192 ]
      dst: [ 444, 193 ]
   -
      src: [ 444, 193 ]
      dst: [ 453, 197 ]
   -
      src: [ 453, 197 ]
      dst: [ 461, 207 ]
   -
      src: [ 461, 207 ]
      dst: [ 468, 208 ]
   -
      src: [ 468, 208 ]
      dst: [ 480, 212 ]
   -
      src: [ 480, 212 ]
      dst: [ 492, 221 ]
   -
      src: [ 492, 221 ]
      dst: [ 492, 221 ]
   -
      src: [ 492, 221 ]
      dst: [ 498, 238 ]
   -
      src: [ 498, 238 ]
      dst: [ 512, 251 ]
   -
      src: [ 512, 251 ]
      dst: [ 525, 265 ]
   -
      src: [ 525, 265 ]
      dst: [ 544, 290 ]
   -
      src: [ 561, 318 ]
      dst: [ 581, 347 ]
   -
      src: [ 581, 347 ]
      dst: [ 597, 369 ]
   -
      src: [ 597, 369 ]
      dst: [ 619, 381 ]
   -
      src: [ 472, 196 ]
      dst: [ 476, 201 ]
   -
      src: [ 476, 201 ]
      dst: [ 476, 201 ]
   -
      src: [ 476, 201 ]
      dst: [ 481, 208 ]
   -
      src: [ 481, 208 ]
      dst: [ 491, 218 ]
   -
      src: [ 491, 218 ]
      dst: [ 495, 223 ]
   -
      src: [ 495, 223 ]
      dst: [ 501, 228 ]
   -
      src: [ 501, 228 ]
      dst: [ 509, 239 ]
   -
      src: [ 509, 239 ]
      dst: [ 509, 239 ]
   -
      src: [ 509, 239 ]
      dst: [ 519, 251 ]
   -
      src: [ 519, 251 ]
      dst: [ 529, 262 ]
   -
      src: [ 529, 262 ]
      dst: [ 542, 279 ]
   -
      src: [ 542, 279 ]
      dst: [ 557, 308 ]
   -
      src: [ 557, 308 ]
      dst: [ 571, 328 ]
   -
      src: [ 571, 328 ]
      dst: [ 572, 327 ]
   -
      src: [ 583, 344 ]
      dst: [ 596, 358 ]
   -
      src: [ 465, 457 ]
      dst: [ 413, 443 ]
   -
      src: [ 413, 443 ]
      dst: [ 382, 424 ]
   -
      src: [ 382, 424 ]
      dst: [ 404, 427 ]
   -
      src: [ 404, 427 ]
      dst: [ 392, 418 ]
   -
      src: [ 392, 418 ]
      dst: [ 376, 406 ]
   -
      src: [ 376, 406 ]
      dst: [ 358, 393 ]
   -
      src: [ 358, 393 ]
      dst: [ 341, 378 ]
   -
      src: [ 341, 378 ]
      dst: [ 327, 361 ]
   -
      src: [ 327, 358 ]
      dst: [ 312, 338 ]
   -
      src: [ 312, 338 ]
      dst: [ 300, 324 ]
   -
      src: [ 300, 324 ]
      dst: [ 289, 307 ]
   -
      src: [ 289, 307 ]
      dst: [ 279, 289 ]
   -
      src: [ 279, 289 ]
      dst: [ 269, 279 ]
   -
